{
 "cells": [
  {
   "cell_type": "code",
   "execution_count": 1,
   "metadata": {},
   "outputs": [],
   "source": [
    "from mmnl import MMNL\n",
    "import numpy as np\n",
    "import pickle\n",
    "import pandas as pd\n"
   ]
  },
  {
   "cell_type": "code",
   "execution_count": null,
   "metadata": {},
   "outputs": [],
   "source": [
    "from pydrive.auth import GoogleAuth\n",
    "from pydrive.drive import GoogleDrive\n",
    "from google.colab import auth\n",
    "from oauth2client.client import GoogleCredentials"
   ]
  },
  {
   "cell_type": "markdown",
   "metadata": {},
   "source": [
    "Authorize Google Drive to upload files to the drive"
   ]
  },
  {
   "cell_type": "code",
   "execution_count": null,
   "metadata": {},
   "outputs": [],
   "source": [
    "auth.authenticate_user()\n",
    "gauth = GoogleAuth()\n",
    "gauth.credentials = GoogleCredentials.get_application_default()\n",
    "drive = GoogleDrive(gauth)"
   ]
  },
  {
   "cell_type": "code",
   "execution_count": 2,
   "metadata": {},
   "outputs": [],
   "source": [
    "def load_data(path):\n",
    "    dat = np.load(path)\n",
    "    X = dat[:, :-1]\n",
    "    Y = np.reshape(dat[:, -1], (-1, 1))\n",
    "    return X, Y\n",
    "X, Y = load_data('data/data.npy')"
   ]
  },
  {
   "cell_type": "markdown",
   "metadata": {},
   "source": [
    "Load data"
   ]
  },
  {
   "cell_type": "code",
   "execution_count": 3,
   "metadata": {},
   "outputs": [
    {
     "name": "stdout",
     "output_type": "stream",
     "text": [
      "(2798, 500)\n",
      "Wall time: 20 ms\n"
     ]
    }
   ],
   "source": [
    "%%time\n",
    "infile = open('./data/500_MC_dgp_uts.p', 'rb')\n",
    "big_dict = pickle.load(infile)\n",
    "Y_dgp = big_dict['theta: [ 1.5  1.  -1.1  0.4  0.1  0.6]']\n",
    "print(Y_dgp.shape)"
   ]
  },
  {
   "cell_type": "code",
   "execution_count": 6,
   "metadata": {},
   "outputs": [
    {
     "name": "stdout",
     "output_type": "stream",
     "text": [
      "iteration: 81\n",
      "      fun: 2781.405996982095\n",
      " hess_inv: array([[ 1.81062317e-04, -2.06274904e-05, -3.60702496e-04,\n",
      "        -1.01026775e-03, -1.41323117e-03, -1.79227497e-03],\n",
      "       [-2.06274904e-05,  4.47195150e-06,  4.35927205e-05,\n",
      "         1.41546713e-04,  1.99432358e-04,  2.41043062e-04],\n",
      "       [-3.60702496e-04,  4.35927206e-05,  7.31111261e-04,\n",
      "         2.09177557e-03,  2.92828258e-03,  3.68668742e-03],\n",
      "       [-1.01026775e-03,  1.41546713e-04,  2.09177557e-03,\n",
      "         6.23692360e-03,  8.74757338e-03,  1.08632344e-02],\n",
      "       [-1.41323116e-03,  1.99432356e-04,  2.92828256e-03,\n",
      "         8.74757333e-03,  2.43881316e-01,  4.52836830e-02],\n",
      "       [-1.79227497e-03,  2.41043064e-04,  3.68668743e-03,\n",
      "         1.08632345e-02,  4.52836830e-02,  4.15746690e-02]])\n",
      "      jac: array([ 2.74658203e-04,  3.66210938e-04,  2.74658203e-04, -3.05175781e-05,\n",
      "        0.00000000e+00,  0.00000000e+00])\n",
      "  message: 'Desired error not necessarily achieved due to precision loss.'\n",
      "     nfev: 1449\n",
      "      nit: 35\n",
      "     njev: 179\n",
      "   status: 2\n",
      "  success: False\n",
      "        x: array([  2.1522697 ,   1.04619217,  -0.97696643, -11.57518803,\n",
      "       -18.70923563, -15.62000439]) \n",
      " 81.66355443000793\n",
      "iteration: 82\n",
      "      fun: 2786.9914383413384\n",
      " hess_inv: array([[ 0.10045881, -0.0413791 ,  0.0427067 ,  0.2514277 ,  0.10552132,\n",
      "        -0.28149632],\n",
      "       [-0.0413791 ,  0.01711769, -0.01763272, -0.10336172, -0.04339838,\n",
      "         0.11586998],\n",
      "       [ 0.0427067 , -0.01763272,  0.01822586,  0.10672694,  0.04476724,\n",
      "        -0.11957206],\n",
      "       [ 0.2514277 , -0.10336172,  0.10672694,  0.62994882,  0.26439069,\n",
      "        -0.70493448],\n",
      "       [ 0.10552132, -0.04339838,  0.04476724,  0.26439069,  0.11106393,\n",
      "        -0.29597598],\n",
      "       [-0.28149632,  0.11586998, -0.11957206, -0.70493448, -0.29597598,\n",
      "         0.78922986]])\n",
      "      jac: array([0.        , 0.00057983, 0.00094604, 0.00015259, 0.00018311,\n",
      "       0.00018311])\n",
      "  message: 'Desired error not necessarily achieved due to precision loss.'\n",
      "     nfev: 449\n",
      "      nit: 27\n",
      "     njev: 56\n",
      "   status: 2\n",
      "  success: False\n",
      "        x: array([ 1.14097772,  1.10049988, -1.22347941, -0.68363767, -1.12947832,\n",
      "       -1.70059024]) \n",
      " 25.188278675079346\n",
      "iteration: 83\n",
      "      fun: 2839.8816389254193\n",
      " hess_inv: array([[ 1.12579567e-02, -1.59634590e-03,  3.49171440e-04,\n",
      "         2.35696356e-02,  8.08007058e-02, -1.97186974e-02],\n",
      "       [-1.59634590e-03,  1.09818392e-02, -4.97745976e-04,\n",
      "         7.10275570e-03,  9.53040319e-03, -4.09694167e-03],\n",
      "       [ 3.49171440e-04, -4.97745976e-04,  1.11911695e-03,\n",
      "        -1.02473069e-02, -1.67666636e-02, -1.39543257e-03],\n",
      "       [ 2.35696356e-02,  7.10275570e-03, -1.02473069e-02,\n",
      "         3.68523741e+00,  5.95091898e+00, -6.61069761e-01],\n",
      "       [ 8.08007058e-02,  9.53040319e-03, -1.67666636e-02,\n",
      "         5.95091898e+00,  9.92016062e+00, -1.10703883e+00],\n",
      "       [-1.97186974e-02, -4.09694167e-03, -1.39543257e-03,\n",
      "        -6.61069761e-01, -1.10703883e+00,  1.52541851e-01]])\n",
      "      jac: array([ 1.15966797e-03,  6.10351562e-04,  4.27246094e-03,  2.44140625e-04,\n",
      "       -3.05175781e-05,  9.46044922e-04])\n",
      "  message: 'Desired error not necessarily achieved due to precision loss.'\n",
      "     nfev: 1092\n",
      "      nit: 38\n",
      "     njev: 135\n",
      "   status: 2\n",
      "  success: False\n",
      "        x: array([  2.23218044,   1.0068465 ,  -0.90512024,  -8.43009924,\n",
      "       -12.36180196,  -1.94465577]) \n",
      " 61.54929804801941\n",
      "iteration: 84\n",
      "      fun: 2857.322349568781\n",
      " hess_inv: array([[ 1.14311120e-02, -7.52592545e-04, -6.13075350e-05,\n",
      "         1.88859155e-03, -1.82728405e-03,  6.00201524e-03],\n",
      "       [-7.52592545e-04,  1.12381620e-02, -1.84086388e-04,\n",
      "        -3.53533401e-04,  5.37619811e-04,  2.19349575e-03],\n",
      "       [-6.13075350e-05, -1.84086388e-04,  1.46572933e-03,\n",
      "        -8.22827232e-03,  6.76254300e-03, -7.92638594e-03],\n",
      "       [ 1.88859155e-03, -3.53533401e-04, -8.22827232e-03,\n",
      "         3.86073654e-01, -3.77845375e-01,  3.40204562e-01],\n",
      "       [-1.82728405e-03,  5.37619811e-04,  6.76254300e-03,\n",
      "        -3.77845375e-01,  3.71082848e-01, -3.32278177e-01],\n",
      "       [ 6.00201524e-03,  2.19349575e-03, -7.92638594e-03,\n",
      "         3.40204562e-01, -3.32278177e-01,  3.44784440e-01]])\n",
      "      jac: array([ 0.00375366, -0.00158691, -0.00610352,  0.00085449, -0.00039673,\n",
      "       -0.00100708])\n",
      "  message: 'Desired error not necessarily achieved due to precision loss.'\n",
      "     nfev: 369\n",
      "      nit: 29\n",
      "     njev: 46\n",
      "   status: 2\n",
      "  success: False\n",
      "        x: array([ 1.93397716,  1.11770608, -0.94448082, -3.30989743, -6.18948346,\n",
      "       -1.94570123]) \n",
      " 20.480788230895996\n",
      "iteration: 85\n",
      "      fun: 1823.4863760599765\n",
      " hess_inv: array([[ 1.35169106e-02, -2.98587887e-03, -3.40819620e-04,\n",
      "        -3.56277139e-01,  3.75676370e-03, -7.19214869e-02],\n",
      "       [-2.98587887e-03,  2.54308064e-02, -2.04203329e-03,\n",
      "         3.52166658e-01, -2.20319575e-04,  6.72694475e-02],\n",
      "       [-3.40819620e-04, -2.04203329e-03,  5.35763925e-03,\n",
      "        -1.91770500e-01, -5.81725856e-03, -3.70722958e-02],\n",
      "       [-3.56277139e-01,  3.52166658e-01, -1.91770500e-01,\n",
      "         8.68673964e+03, -5.72390926e-01,  1.78705568e+03],\n",
      "       [ 3.75676370e-03, -2.20319575e-04, -5.81725856e-03,\n",
      "        -5.72390926e-01,  1.30610376e-01, -1.01723372e-01],\n",
      "       [-7.19214869e-02,  6.72694475e-02, -3.70722958e-02,\n",
      "         1.78705568e+03, -1.01723372e-01,  3.67651897e+02]])\n",
      "      jac: array([-4.60815430e-03,  1.11389160e-03,  4.57763672e-04,  0.00000000e+00,\n",
      "       -7.62939453e-05, -3.05175781e-05])\n",
      "  message: 'Desired error not necessarily achieved due to precision loss.'\n",
      "     nfev: 708\n",
      "      nit: 33\n",
      "     njev: 87\n",
      "   status: 2\n",
      "  success: False\n",
      "        x: array([  1.4075708 ,   0.92851589,  -2.53090699, -31.08931966,\n",
      "        -0.22944717,  -5.17582301]) \n",
      " 40.566659688949585\n",
      "iteration: 86\n",
      "      fun: 3051.0965343490057\n",
      " hess_inv: array([[ 9.32792424e-03, -1.07659503e-03,  2.65524222e-04,\n",
      "         8.62090917e-03, -5.21190158e-02, -2.30128320e-02],\n",
      "       [-1.07659503e-03,  1.49865041e-02, -5.75660705e-04,\n",
      "        -8.22843915e-03, -1.87367001e-01, -1.04779914e-01],\n",
      "       [ 2.65524222e-04, -5.75660705e-04,  1.06044949e-03,\n",
      "        -2.10092894e-04, -1.04019907e-02, -4.66823447e-03],\n",
      "       [ 8.62090917e-03, -8.22843915e-03, -2.10092894e-04,\n",
      "         2.40297112e-01,  3.25440448e-01,  2.64739297e-01],\n",
      "       [-5.21190158e-02, -1.87367001e-01, -1.04019907e-02,\n",
      "         3.25440448e-01,  3.55793293e+00,  1.92025518e+00],\n",
      "       [-2.30128320e-02, -1.04779914e-01, -4.66823447e-03,\n",
      "         2.64739297e-01,  1.92025518e+00,  1.12388268e+00]])\n",
      "      jac: array([-3.05175781e-04, -7.62939453e-04,  1.55639648e-03,  2.74658203e-04,\n",
      "        0.00000000e+00,  3.05175781e-05])\n",
      "  message: 'Desired error not necessarily achieved due to precision loss.'\n",
      "     nfev: 377\n",
      "      nit: 30\n",
      "     njev: 47\n",
      "   status: 2\n",
      "  success: False\n",
      "        x: array([  1.07930685,   0.82181836,  -0.95112721,  -0.7785192 ,\n",
      "       -20.22384852, -11.02234622]) \n",
      " 23.006888151168823\n",
      "iteration: 87\n",
      "      fun: 3228.2027256928295\n",
      " hess_inv: array([[ 2.33209465e-03,  3.01165435e-03, -2.38387823e-04,\n",
      "        -1.17946168e-02, -1.04769462e-02, -1.18924920e-02],\n",
      "       [ 3.01165435e-03,  4.82108376e-03,  4.66462909e-04,\n",
      "        -1.72776138e-02, -1.51453324e-02, -1.71052918e-02],\n",
      "       [-2.38387823e-04,  4.66462909e-04,  8.11339072e-04,\n",
      "        -3.39953948e-04,  1.79983163e-04,  2.87047017e-04],\n",
      "       [-1.17946168e-02, -1.72776138e-02, -3.39953948e-04,\n",
      "         6.44857503e-02,  5.72349491e-02,  6.48306723e-02],\n",
      "       [-1.04769462e-02, -1.51453324e-02,  1.79983163e-04,\n",
      "         5.72349491e-02,  2.03620553e-01,  1.65802559e-01],\n",
      "       [-1.18924920e-02, -1.71052918e-02,  2.87047017e-04,\n",
      "         6.48306723e-02,  1.65802559e-01,  1.91951392e-01]])\n",
      "      jac: array([ 6.10351562e-05, -6.10351562e-05,  1.83105469e-04,  0.00000000e+00,\n",
      "        0.00000000e+00,  0.00000000e+00])\n",
      "  message: 'Desired error not necessarily achieved due to precision loss.'\n",
      "     nfev: 665\n",
      "      nit: 43\n",
      "     njev: 83\n",
      "   status: 2\n",
      "  success: False\n",
      "        x: array([  1.21008431,   0.93702949,  -0.71695824,  -9.12527175,\n",
      "       -11.21690527, -14.81948632]) \n",
      " 38.32417178153992\n",
      "iteration: 88\n",
      "      fun: 2742.2651914299727\n",
      " hess_inv: array([[ 8.62076360e-03, -9.82958281e-04,  3.70373499e-04,\n",
      "        -2.74319235e-03, -2.55399544e-03,  6.81367003e-04],\n",
      "       [-9.82958281e-04,  1.15836829e-02, -1.83623424e-04,\n",
      "        -2.51499773e-02, -3.27795087e-02, -2.54331897e-02],\n",
      "       [ 3.70373499e-04, -1.83623424e-04,  1.47959196e-03,\n",
      "         2.05849275e-03,  2.32810774e-03,  1.64881415e-03],\n",
      "       [-2.74319235e-03, -2.51499773e-02,  2.05849275e-03,\n",
      "         3.61627958e+03,  4.30106444e+03,  3.55018702e+03],\n",
      "       [-2.55399544e-03, -3.27795087e-02,  2.32810774e-03,\n",
      "         4.30106444e+03,  5.11575070e+03,  4.22254550e+03],\n",
      "       [ 6.81367003e-04, -2.54331897e-02,  1.64881415e-03,\n",
      "         3.55018702e+03,  4.22254550e+03,  3.48538780e+03]])\n",
      "      jac: array([-1.55334473e-02,  3.28979492e-02, -3.63769531e-02, -3.05175781e-04,\n",
      "       -3.05175781e-05,  3.05175781e-04])\n",
      "  message: 'Desired error not necessarily achieved due to precision loss.'\n",
      "     nfev: 748\n",
      "      nit: 24\n",
      "     njev: 92\n",
      "   status: 2\n",
      "  success: False\n",
      "        x: array([ 1.10057419,  0.79419065, -1.26696874, -7.74819847, -8.98400193,\n",
      "       -8.12890605]) \n",
      " 43.110833406448364\n",
      "iteration: 89\n",
      "      fun: 3165.1967925621966\n",
      " hess_inv: array([[ 1.26268967e-04,  1.23101374e-04, -4.29625322e-05,\n",
      "         1.33728792e-04, -4.56933273e-03, -1.25120491e-04],\n",
      "       [ 1.23101374e-04,  1.22740810e-04,  8.71430071e-06,\n",
      "         8.31632684e-05, -3.87546196e-03, -1.09378158e-04],\n",
      "       [-4.29625322e-05,  8.71430071e-06,  9.58719776e-04,\n",
      "        -9.26302338e-04,  1.23665274e-02,  2.77945237e-04],\n",
      "       [ 1.33728792e-04,  8.31632684e-05, -9.26302338e-04,\n",
      "         9.63381993e-04, -1.49267924e-02, -3.52123230e-04],\n",
      "       [-4.56933273e-03, -3.87546196e-03,  1.23665274e-02,\n",
      "        -1.49267924e-02,  1.08720372e+01,  7.22893643e-03],\n",
      "       [-1.25120491e-04, -1.09378158e-04,  2.77945237e-04,\n",
      "        -3.52123230e-04,  7.22893643e-03,  1.82873107e-04]])\n",
      "      jac: array([-9.15527344e-05,  9.15527344e-05,  3.05175781e-05, -1.52587891e-04,\n",
      "        0.00000000e+00,  0.00000000e+00])\n",
      "  message: 'Desired error not necessarily achieved due to precision loss.'\n",
      "     nfev: 872\n",
      "      nit: 43\n",
      "     njev: 108\n",
      "   status: 2\n",
      "  success: False\n",
      "        x: array([  2.36480106,   0.93341277,  -0.47845281,  -0.98456286,\n",
      "       -33.54178924,  -2.10777498]) \n",
      " 52.1664662361145\n",
      "iteration: 90\n",
      "      fun: 2696.2759467040933\n",
      " hess_inv: array([[ 9.11988761e-04, -8.98656769e-05,  1.69347100e-04,\n",
      "        -1.37003197e-03,  1.81880849e-03,  3.76458861e-03],\n",
      "       [-8.98656769e-05,  3.67570140e-03, -2.08278938e-04,\n",
      "        -1.15238201e-02,  3.47837160e-04,  1.00599508e-03],\n",
      "       [ 1.69347100e-04, -2.08278938e-04,  5.31605968e-04,\n",
      "        -3.61620085e-04,  5.77948768e-04,  3.01087037e-03],\n",
      "       [-1.37003197e-03, -1.15238201e-02, -3.61620085e-04,\n",
      "         5.02087987e-02, -1.03077990e-02, -1.59787135e-02],\n",
      "       [ 1.81880849e-03,  3.47837160e-04,  5.77948768e-04,\n",
      "        -1.03077990e-02,  8.02852872e-03,  1.00406759e-02],\n",
      "       [ 3.76458861e-03,  1.00599508e-03,  3.01087037e-03,\n",
      "        -1.59787135e-02,  1.00406759e-02,  3.50992559e-02]])\n",
      "      jac: array([3.05175781e-04, 4.57763672e-04, 7.32421875e-04, 1.22070312e-04,\n",
      "       0.00000000e+00, 3.05175781e-05])\n",
      "  message: 'Desired error not necessarily achieved due to precision loss.'\n",
      "     nfev: 785\n",
      "      nit: 65\n",
      "     njev: 98\n",
      "   status: 2\n",
      "  success: False\n",
      "        x: array([  1.48334229,   1.02829604,  -1.23250682,  -2.56807237,\n",
      "        -0.7309431 , -11.56697053]) \n",
      " 44.49025201797485\n",
      "iteration: 91\n",
      "      fun: 3101.412663259934\n",
      " hess_inv: array([[ 0.00022868, -0.00028618, -0.00039619, -0.00289295,  0.00193141,\n",
      "        -0.00079238],\n",
      "       [-0.00028618,  0.0003626 ,  0.00049478,  0.0036257 , -0.00241949,\n",
      "         0.00098956],\n",
      "       [-0.00039619,  0.00049478,  0.00069871,  0.0050293 , -0.00340719,\n",
      "         0.00139741],\n",
      "       [-0.00289295,  0.0036257 ,  0.0050293 ,  0.13747549, -0.02434827,\n",
      "         0.0100586 ],\n",
      "       [ 0.00193141, -0.00241949, -0.00340719, -0.02434827,  0.01665878,\n",
      "        -0.00681437],\n",
      "       [-0.00079238,  0.00098956,  0.00139741,  0.0100586 , -0.00681437,\n",
      "         0.00279483]])\n",
      "      jac: array([3.05175781e-05, 6.10351562e-05, 2.44140625e-04, 0.00000000e+00,\n",
      "       1.22070312e-04, 6.10351562e-05])\n",
      "  message: 'Desired error not necessarily achieved due to precision loss.'\n",
      "     nfev: 625\n",
      "      nit: 40\n",
      "     njev: 78\n",
      "   status: 2\n",
      "  success: False\n",
      "        x: array([  1.82986241,   1.4530006 ,  -0.61996071, -38.19099482,\n",
      "       -10.80673785, -14.90041834]) \n",
      " 42.660837173461914\n",
      "iteration: 92\n",
      "      fun: 3710.2150162404255\n",
      " hess_inv: array([[ 0.00292229, -0.00089101,  0.00055791, -0.00637883,  0.00309094,\n",
      "         0.01014954],\n",
      "       [-0.00089101,  0.00069373, -0.00037783,  0.00173488, -0.00083645,\n",
      "        -0.0038396 ],\n",
      "       [ 0.00055791, -0.00037783,  0.00023505, -0.00110044,  0.00055567,\n",
      "         0.00230949],\n",
      "       [-0.00637883,  0.00173488, -0.00110044,  0.01425062, -0.00686954,\n",
      "        -0.02209807],\n",
      "       [ 0.00309094, -0.00083645,  0.00055567, -0.00686954,  0.00336114,\n",
      "         0.01076466],\n",
      "       [ 0.01014954, -0.0038396 ,  0.00230949, -0.02209807,  0.01076466,\n",
      "         0.03741863]])\n",
      "      jac: array([-2.44140625e-04, -3.05175781e-05, -5.49316406e-04,  6.10351562e-05,\n",
      "        0.00000000e+00, -3.05175781e-05])\n",
      "  message: 'Desired error not necessarily achieved due to precision loss.'\n",
      "     nfev: 1737\n",
      "      nit: 68\n",
      "     njev: 215\n",
      "   status: 2\n",
      "  success: False\n",
      "        x: array([  0.87841469,   1.06136057,   0.26054695,  -9.88859506,\n",
      "        -0.98080661, -11.81004424]) \n",
      " 101.53787279129028\n",
      "iteration: 93\n",
      "      fun: 2776.6133634291214\n",
      " hess_inv: array([[ 8.50817023e-03, -1.28942699e-03,  2.72219018e-04,\n",
      "        -1.21824997e-01, -1.23060798e-01, -7.78359584e-02],\n",
      "       [-1.28942699e-03,  1.18628145e-02, -2.27551678e-04,\n",
      "         4.67557632e-02,  4.88331890e-02,  2.95193941e-02],\n",
      "       [ 2.72219018e-04, -2.27551678e-04,  1.27439588e-03,\n",
      "        -8.87762696e-02, -8.43471263e-02, -5.48455713e-02],\n",
      "       [-1.21824997e-01,  4.67557632e-02, -8.87762696e-02,\n",
      "         1.01437904e+04,  9.42444614e+03,  6.35531312e+03],\n",
      "       [-1.23060798e-01,  4.88331890e-02, -8.43471263e-02,\n",
      "         9.42444614e+03,  8.75631580e+03,  5.90464852e+03],\n",
      "       [-7.78359584e-02,  2.95193941e-02, -5.48455713e-02,\n",
      "         6.35531312e+03,  5.90464852e+03,  3.98175627e+03]])\n",
      "      jac: array([ 1.12915039e-03,  5.92041016e-03, -5.37414551e-02, -9.15527344e-05,\n",
      "        6.10351562e-05,  2.13623047e-04])\n",
      "  message: 'Desired error not necessarily achieved due to precision loss.'\n",
      "     nfev: 924\n",
      "      nit: 25\n",
      "     njev: 114\n",
      "   status: 2\n",
      "  success: False\n",
      "        x: array([ 1.51741247,  0.93462805, -1.135805  , -8.79112539, -9.35141948,\n",
      "       -6.23782044]) \n",
      " 54.88298439979553\n",
      "iteration: 94\n",
      "      fun: 1865.5731956205268\n",
      " hess_inv: array([[ 3.25321782e-02, -2.65501041e-03, -3.92062310e-03,\n",
      "         2.55750859e-01, -1.00265850e+00, -1.97542880e-01],\n",
      "       [-2.65501041e-03,  1.72663453e-02, -2.24279663e-03,\n",
      "         7.57258083e-03,  2.98477508e-01,  4.58040032e-02],\n",
      "       [-3.92062310e-03, -2.24279663e-03,  5.43604527e-03,\n",
      "        -4.20344681e-02,  7.90898290e-02,  2.05191982e-02],\n",
      "       [ 2.55750859e-01,  7.57258083e-03, -4.20344681e-02,\n",
      "         4.70791029e+00, -1.38040270e+01, -2.82439721e+00],\n",
      "       [-1.00265850e+00,  2.98477508e-01,  7.90898290e-02,\n",
      "        -1.38040270e+01,  4.90671067e+01,  9.62486194e+00],\n",
      "       [-1.97542880e-01,  4.58040032e-02,  2.05191982e-02,\n",
      "        -2.82439721e+00,  9.62486194e+00,  1.91326388e+00]])\n",
      "      jac: array([ 3.20434570e-04,  4.57763672e-05, -4.57763672e-05,  3.05175781e-05,\n",
      "        0.00000000e+00, -3.05175781e-05])\n",
      "  message: 'Desired error not necessarily achieved due to precision loss.'\n",
      "     nfev: 369\n",
      "      nit: 34\n",
      "     njev: 46\n",
      "   status: 2\n",
      "  success: False\n",
      "        x: array([  2.03700719,   1.39102553,  -2.27944465,  -1.50429546,\n",
      "       -26.00382192,  -3.09593629]) \n",
      " 21.648775100708008\n",
      "iteration: 95\n",
      "      fun: 2666.397747586695\n",
      " hess_inv: array([[ 8.92120118e-03, -1.51746221e-03,  2.08328840e-04,\n",
      "         4.04926827e-04, -3.67661099e-02, -1.00874242e-02],\n",
      "       [-1.51746221e-03,  1.22020770e-02, -1.04991797e-03,\n",
      "         1.03009793e-02,  1.49412338e-02,  3.52512187e-03],\n",
      "       [ 2.08328840e-04, -1.04991797e-03,  1.56700463e-03,\n",
      "        -2.05254437e-03, -1.04257045e-02, -1.27570053e-03],\n",
      "       [ 4.04926827e-04,  1.03009793e-02, -2.05254437e-03,\n",
      "         9.99222192e-03,  1.31041274e-02,  1.87300956e-03],\n",
      "       [-3.67661099e-02,  1.49412338e-02, -1.04257045e-02,\n",
      "         1.31041274e-02,  2.98581450e-01,  4.85197800e-02],\n",
      "       [-1.00874242e-02,  3.52512187e-03, -1.27570053e-03,\n",
      "         1.87300956e-03,  4.85197800e-02,  1.23137451e-02]])\n",
      "      jac: array([ 3.05175781e-05, -2.13623047e-04,  1.22070312e-04, -2.13623047e-04,\n",
      "        0.00000000e+00,  9.15527344e-05])\n",
      "  message: 'Desired error not necessarily achieved due to precision loss.'\n",
      "     nfev: 585\n",
      "      nit: 47\n",
      "     njev: 73\n",
      "   status: 2\n",
      "  success: False\n",
      "        x: array([  1.33840271,   1.04432937,  -1.2973918 ,  -0.57000039,\n",
      "       -25.80154852,  -8.4670972 ]) \n",
      " 37.42740726470947\n",
      "iteration: 96\n",
      "      fun: 1913.0743670250274\n",
      " hess_inv: array([[ 7.44276225e-03, -5.61284270e-03,  1.42316455e-04,\n",
      "         9.24531744e-03,  3.31536009e-02,  4.91644754e-03],\n",
      "       [-5.61284270e-03,  1.37518733e-02, -3.82489040e-04,\n",
      "         3.48274555e-03,  3.17174297e-02,  5.10028866e-03],\n",
      "       [ 1.42316455e-04, -3.82489040e-04,  3.56030741e-03,\n",
      "         2.33394998e-02,  1.21491935e-01,  2.18507450e-02],\n",
      "       [ 9.24531744e-03,  3.48274555e-03,  2.33394998e-02,\n",
      "         2.86065398e-01,  1.19092770e+00,  2.00169756e-01],\n",
      "       [ 3.31536009e-02,  3.17174297e-02,  1.21491935e-01,\n",
      "         1.19092770e+00,  5.68573095e+00,  9.44012692e-01],\n",
      "       [ 4.91644754e-03,  5.10028866e-03,  2.18507450e-02,\n",
      "         2.00169756e-01,  9.44012692e-01,  1.63831524e-01]])\n",
      "      jac: array([-4.11987305e-04, -4.57763672e-04,  5.49316406e-04,  6.10351562e-05,\n",
      "        0.00000000e+00,  0.00000000e+00])\n",
      "  message: 'Desired error not necessarily achieved due to precision loss.'\n",
      "     nfev: 860\n",
      "      nit: 30\n",
      "     njev: 106\n",
      "   status: 2\n",
      "  success: False\n",
      "        x: array([  2.04626969,   1.04274621,  -2.19993434, -10.460988  ,\n",
      "       -70.16568436, -11.05322345]) \n",
      " 58.27627348899841\n",
      "iteration: 97\n"
     ]
    },
    {
     "name": "stderr",
     "output_type": "stream",
     "text": [
      "C:\\Users\\niels\\Anaconda3\\lib\\site-packages\\numpy\\core\\fromnumeric.py:83: RuntimeWarning: invalid value encountered in reduce\n",
      "  return ufunc.reduce(obj, axis, dtype, out, **passkwargs)\n"
     ]
    },
    {
     "name": "stdout",
     "output_type": "stream",
     "text": [
      "      fun: nan\n",
      " hess_inv: array([[ 2.19899161e-02, -1.90579555e-02,  5.87246505e-03,\n",
      "         1.10530234e+00,  6.92388612e+00,  1.94833770e+00],\n",
      "       [-1.90579555e-02,  3.00286568e-02, -6.92410127e-03,\n",
      "        -1.51622197e+00, -9.08052624e+00, -2.60149250e+00],\n",
      "       [ 5.87246505e-03, -6.92410127e-03,  3.14353139e-03,\n",
      "         4.45346397e-01,  2.75466349e+00,  7.77617202e-01],\n",
      "       [ 1.10530234e+00, -1.51622197e+00,  4.45346397e-01,\n",
      "         1.49510142e+02,  5.58843274e+02,  2.01970839e+02],\n",
      "       [ 6.92388612e+00, -9.08052624e+00,  2.75466349e+00,\n",
      "         5.58843274e+02,  3.18202714e+03,  9.31941108e+02],\n",
      "       [ 1.94833770e+00, -2.60149250e+00,  7.77617202e-01,\n",
      "         2.01970839e+02,  9.31941108e+02,  3.01545471e+02]])\n",
      "      jac: array([nan, nan, nan, nan, nan, nan])\n",
      "  message: 'Desired error not necessarily achieved due to precision loss.'\n",
      "     nfev: 1320\n",
      "      nit: 31\n",
      "     njev: 165\n",
      "   status: 2\n",
      "  success: False\n",
      "        x: array([ 3.01958041e+01, -3.39735693e+01,  1.03610115e+01,  2.49769291e+03,\n",
      "        1.39310421e+04,  4.11633628e+03]) \n",
      " 95.82380557060242\n",
      "iteration: 98\n",
      "      fun: 3582.1888163013555\n",
      " hess_inv: array([[ 6.02104466e-03, -6.03657073e-04,  3.15923083e-04,\n",
      "         6.13982485e-03,  1.86243512e-03,  6.44049345e-03],\n",
      "       [-6.03657073e-04,  8.20722207e-03,  2.90233758e-04,\n",
      "        -8.87867628e-04, -9.78443340e-05, -1.50640377e-03],\n",
      "       [ 3.15923083e-04,  2.90233758e-04,  6.84560201e-04,\n",
      "         1.82821994e-04, -3.49407214e-04,  1.59544597e-04],\n",
      "       [ 6.13982485e-03, -8.87867628e-04,  1.82821994e-04,\n",
      "         3.37518899e-02,  2.36425902e-02,  5.37222055e-03],\n",
      "       [ 1.86243512e-03, -9.78443340e-05, -3.49407214e-04,\n",
      "         2.36425902e-02,  1.76462412e-01,  3.63182301e-02],\n",
      "       [ 6.44049345e-03, -1.50640377e-03,  1.59544597e-04,\n",
      "         5.37222055e-03,  3.63182301e-02,  1.49323141e-02]])\n",
      "      jac: array([ 7.01904297e-04, -3.96728516e-04, -9.15527344e-05, -3.05175781e-05,\n",
      "       -9.15527344e-05,  1.22070312e-04])\n",
      "  message: 'Desired error not necessarily achieved due to precision loss.'\n",
      "     nfev: 345\n",
      "      nit: 27\n",
      "     njev: 43\n",
      "   status: 2\n",
      "  success: False\n",
      "        x: array([  1.01495098,   0.9485525 ,  -0.32468226, -10.1816242 ,\n",
      "       -10.09818993, -10.27130164]) \n",
      " 19.44544243812561\n",
      "iteration: 99\n",
      "      fun: 3131.5473750337783\n",
      " hess_inv: array([[ 9.15783639e-03, -1.39227573e-04,  2.78300179e-04,\n",
      "        -6.84756627e-03, -1.45213847e-02, -1.27056589e-02],\n",
      "       [-1.39227573e-04,  9.32864471e-03, -3.26817724e-06,\n",
      "         7.33789853e-03,  5.52456814e-03,  4.38605360e-03],\n",
      "       [ 2.78300179e-04, -3.26817724e-06,  8.24905875e-04,\n",
      "        -5.58809913e-03, -7.03187242e-03, -5.35087857e-03],\n",
      "       [-6.84756627e-03,  7.33789853e-03, -5.58809913e-03,\n",
      "         6.08141827e+03,  8.10128616e+03,  6.29594440e+03],\n",
      "       [-1.45213847e-02,  5.52456814e-03, -7.03187242e-03,\n",
      "         8.10128616e+03,  1.07922109e+04,  8.38714894e+03],\n",
      "       [-1.27056589e-02,  4.38605360e-03, -5.35087857e-03,\n",
      "         6.29594440e+03,  8.38714894e+03,  6.51810270e+03]])\n",
      "      jac: array([-4.27246094e-04, -1.52587891e-03,  8.75854492e-03, -6.10351562e-05,\n",
      "        3.05175781e-05, -6.10351562e-05])\n",
      "  message: 'Desired error not necessarily achieved due to precision loss.'\n",
      "     nfev: 916\n",
      "      nit: 26\n",
      "     njev: 113\n",
      "   status: 2\n",
      "  success: False\n",
      "        x: array([  1.64937599,   1.2506599 ,  -0.66916529,  -9.90256421,\n",
      "       -12.73851593, -10.12097648]) \n",
      " 51.20616102218628\n",
      "iteration: 100\n",
      "      fun: 2930.018464967825\n",
      " hess_inv: array([[ 9.51474755e-03, -1.30355579e-04, -5.32569105e-04,\n",
      "         7.49481267e-03, -6.11271743e-03,  5.32569105e-04],\n",
      "       [-1.30355579e-04,  2.36779087e-02, -6.51894925e-03,\n",
      "         3.55184076e-02, -1.48503496e-01,  6.51894917e-03],\n",
      "       [-5.32569105e-04, -6.51894925e-03,  5.02080223e-03,\n",
      "        -2.43084602e-02,  8.77337710e-02, -5.02080218e-03],\n",
      "       [ 7.49481267e-03,  3.55184076e-02, -2.43084602e-02,\n",
      "         1.99799507e-01, -4.38282027e-01,  2.43084992e-02],\n",
      "       [-6.11271743e-03, -1.48503496e-01,  8.77337710e-02,\n",
      "        -4.38282027e-01,  2.39987560e+00, -8.77337699e-02],\n",
      "       [ 5.32569105e-04,  6.51894917e-03, -5.02080218e-03,\n",
      "         2.43084992e-02, -8.77337699e-02,  5.02082936e-03]])\n",
      "      jac: array([-1.22070312e-04,  1.22070312e-04, -5.85937500e-03,  0.00000000e+00,\n",
      "       -2.74658203e-04,  3.05175781e-05])\n",
      "  message: 'Desired error not necessarily achieved due to precision loss.'\n",
      "     nfev: 393\n",
      "      nit: 34\n",
      "     njev: 49\n",
      "   status: 2\n",
      "  success: False\n",
      "        x: array([  1.44043779,   0.9230201 ,  -0.98929554, -15.13999291,\n",
      "        -0.87965116, -10.43558144]) \n",
      " 22.388717889785767\n",
      "Wall time: 15min 36s\n"
     ]
    }
   ],
   "source": [
    "%%time\n",
    "result = []\n",
    "draws = 250\n",
    "start = 80\n",
    "end = 100\n",
    "method = 'SMC'\n",
    "for i in range(start,end):\n",
    "    print('iteration: %i' %(i+1))\n",
    "    qmc = MMNL(X,Y_dgp[:,i],draws,3,method=method)\n",
    "    solution = qmc.solver()\n",
    "    result.append(solution)\n",
    "    if i%10==9:\n",
    "        pickle.dump( result, open( \"./resultaten/%s(%i)/%i-%i_%s(%i)_utsgdp_results.p\" %(method,draws,i-9,i,method,draws), \"wb\" ) )\n",
    "        result = []\n",
    "#     f = drive.CreateFile()\n",
    "#     f.SetContentFile(\"./resultaten/%i-%i_%s(%i)_results.p\" %(i,i+10,method,draws))\n",
    "#     f.Upload()"
   ]
  },
  {
   "cell_type": "code",
   "execution_count": 11,
   "metadata": {},
   "outputs": [],
   "source": [
    "pickle.dump( result, open( \"./resultaten/BQMC(8)/90_BQMC(8)_results.p\", \"wb\" ) )"
   ]
  },
  {
   "cell_type": "code",
   "execution_count": 10,
   "metadata": {},
   "outputs": [
    {
     "data": {
      "text/plain": [
       "(100, 6)"
      ]
     },
     "execution_count": 10,
     "metadata": {},
     "output_type": "execute_result"
    }
   ],
   "source": [
    "x_est = np.array(result)\n",
    "x_est.shape"
   ]
  },
  {
   "cell_type": "code",
   "execution_count": 11,
   "metadata": {},
   "outputs": [
    {
     "data": {
      "text/plain": [
       "array([ 4.58777441,  2.65487859, -7.12572568,  7.45172249,  2.22983804,\n",
       "        5.23629935])"
      ]
     },
     "execution_count": 11,
     "metadata": {},
     "output_type": "execute_result"
    }
   ],
   "source": [
    "np.mean(x_est, axis=0)"
   ]
  },
  {
   "cell_type": "code",
   "execution_count": null,
   "metadata": {},
   "outputs": [],
   "source": []
  }
 ],
 "metadata": {
  "kernelspec": {
   "display_name": "Python 3",
   "language": "python",
   "name": "python3"
  },
  "language_info": {
   "codemirror_mode": {
    "name": "ipython",
    "version": 3
   },
   "file_extension": ".py",
   "mimetype": "text/x-python",
   "name": "python",
   "nbconvert_exporter": "python",
   "pygments_lexer": "ipython3",
   "version": "3.7.1"
  }
 },
 "nbformat": 4,
 "nbformat_minor": 2
}
